 ITER DELTAV/TOL X-------- AT BUS ---------X  REAL(DELTAV)  IMAG(DELTAV)
    1  1632.124       2 [            18.000]    0.2435E-01    0.1614E+00
    2   882.996       4 [            230.00]   -0.1561E-01   -0.8691E-01
    3   624.006       6 [            230.00]   -0.1694E-01    0.6006E-01
    4   370.803       7 [            230.00]   -0.3708E-01   -0.5901E-03
    5   271.297       4 [            230.00]    0.1784E-01   -0.2043E-01
    6   190.699       9 [            230.00]   -0.1822E-01   -0.5632E-02
    7   121.545       4 [            230.00]    0.1005E-01    0.6836E-02
    8    92.306       7 [            230.00]   -0.8622E-02   -0.3296E-02
    9    59.496       7 [            230.00]    0.5927E-02   -0.5171E-03
   10    34.407       9 [            230.00]   -0.3368E-02   -0.7018E-03
   11    23.499       4 [            230.00]    0.2327E-02   -0.3299E-03
   12    13.922       7 [            230.00]   -0.1307E-02   -0.4799E-03
   13     9.766       7 [            230.00]    0.9766E-03    0.2611E-05
   14     6.402       7 [            230.00]   -0.6277E-03   -0.1258E-03
   15     3.542       4 [            230.00]    0.3532E-03   -0.2567E-04
   16     2.219       9 [            230.00]   -0.2214E-03   -0.1477E-04
   17     1.211       9 [            230.00]    0.1190E-03    0.2219E-04
   18     0.871       7 [            230.00]   -0.8411E-04   -0.2273E-04

 Reached tolerance in 18 iterations

 Largest mismatch:     -0.00 MW     -0.20 Mvar      0.20 MVA at bus 7 [            230.00]
 System total absolute mismatch:                    0.85 MVA

 SWING BUS SUMMARY:
   BUS# X-- NAME --X BASKV      PGEN     PMAX    PMIN      QGEN     QMAX    QMIN
      1             16.500      71.7   9999.0 -9999.0      27.1   9999.0 -9999.0
